98000116
97002453
97002499
97002174
97002306
97002577
98000080
97002234
98000061
97002023
97002505
97002261
98000056
97002209
97002303
97002480
98000075
97002557
97002178
97002301
98000029
97002414
97002271
97002357
98000081
97002183
97002128
97002404
98000101
97002430
98000079
97002280
97002482
97002131
98000124
97002427
97002512
98000035
97002456
97002439
97002120
97002437
97002203
97002461
98000120
97002520
97002107
97002235
97002484
97002265
98000076
97002532
97002401
97002328
97002411
97002213
97002243
98000049
97002438
97002490
98000127
97002287
97002272
97002180
97002420
98000034
98000011
98000008
97002291
97002177
97002333
98000183
97002069
97002230
97002543
97002317
97002348
97002475
97002269
97002553
97002250
97002429
97002185
98000073
98000102
97002355
97002246
98000082
98000112
97002268
97002443
97002385
97002338
98000044
97002211
97002383
97002313
97002541
97002413
98000165
97002370
98000042
97002332
98000104
98000007
98000086
97002448
97002463
97002380
97002305
98000013
97002311
97002533
98000138
97002325
97002403
98000038
97002552
98000014
98000144
97002425
97002498
98000103
97002199
97002138
98000085
97002134
97002433
98000182
97002194
97002263
97002511
98000062
98000048
97002296
97002335
97002133
98000009
97002527
97002538
97002535
97002377
97002302
98000097
97002310
97002491
97002374
97002274
97002391
97002435
97002322
97002339
97002285
97002184
97002202
98000060
97002356
97002406
98000033
97002222
97002252
97002476
98000046
97002334
97002575
98000128
97002393
97002412
97002562
97002289
98000032
97002373
97002176
97002518
97002215
98000110
98000005
97002346
97002126
97002436
98000089
97002223
97002398
97002284
97002204
97002247
98000037
98000045
97002171
97002379
97002513
98000051
97002290
98000205
97002447
98000178
97002121
97002467
98000135
98000068
97002123
97002140
98000083
97002340
98000067
98000047
97002381
97002362
98000146
97002434
97002521
97002509
97002245
97002352
97002372
98000142
97002350
97002319
98000147
97002349
97002428
97002327
97002560
97002581
97002477
97002293
98000115
97002537
97002164
97002255
97002405
98000113
97002424
97002354
97002497
97002105
97002241
97002166
97002507
98000130
97002358
97002566
98000087
98000031
98000078
97002266
97002510
97002539
97002530
97002315
97002142
97002331
98000151
97002452
97002175
97002394
97002145
97002195
97002564
98000095
98000052
97002556
98000070
97002258
97002277
98000017
97002343
97002554
97002150
97002371
97002135
97002384
97002154
97002210
97002415
97002181
98000167
9700TEST
97002449
97002493
97002578
98000125
97002522
